@RELATION Untitled

@ATTRIBUTE attr_0	real
@ATTRIBUTE attr_1	real
@ATTRIBUTE attr_2	real
@ATTRIBUTE class 	{Iris-setosa,Iris-versicolor,Iris-virginica}

@DATA
-2.8655066941646,-0.30278045192246,-0.048489598565791,Iris-setosa
-2.8932133898827,0.17698717953992,0.16879826223233,Iris-setosa
-3.0557490968445,0.16800627753375,-0.056542412762118,Iris-setosa
-2.9212490213221,0.32502720915513,-0.0098002273995882,Iris-setosa
-2.9067514031121,-0.30233275416961,-0.15372023966194,Iris-setosa
-2.4889998761867,-0.73972722669037,-0.20067915457063,Iris-setosa
-2.9910653468374,0.11673978433194,-0.25038593883798,Iris-setosa
-2.8110529077091,-0.15563581781296,-0.016626806005399,Iris-setosa
-3.0524803156114,0.58968758483848,0.0092871793147812,Iris-setosa
-2.85470147704,0.11163332667358,0.16495589196191,Iris-setosa
-2.700856794096,-0.63629884478105,-0.023453384611209,Iris-setosa
-2.797843830201,-0.0080434859506093,-0.08999465454116,Iris-setosa
-2.9603402687181,0.23902536575932,0.16705989891802,Iris-setosa
-3.3675721648153,0.55368655909985,-0.098196382833143,Iris-setosa
-2.8307995476834,-1.1465907642848,-0.074918141623434,Iris-setosa
-2.5879671528229,-1.3081054703518,-0.40360218030407,Iris-setosa
-2.809185032454,-0.7792324167379,-0.26019672577918,Iris-setosa
-2.8317984211087,-0.29596062096662,-0.090874855920435,Iris-setosa
-2.4146262287364,-0.88471078974954,0.035183985218069,Iris-setosa
-2.7752304415463,-0.49131528172189,-0.25931652439991,Iris-setosa
-2.517285906458,-0.41131529149014,0.18962646227468,Iris-setosa
-2.7336960653222,-0.41608513134366,-0.24059476132735,Iris-setosa
-3.3606109824968,-0.066405875516192,-0.3897322935463,Iris-setosa
-2.5085908014601,-0.11587142767453,-0.0087931513689011,Iris-setosa
-2.5577049630006,0.021585406585035,-0.045356476134746,Iris-setosa
-2.6997022059697,0.12788175738845,0.24268066850555,Iris-setosa
-2.6635900725303,-0.1321198583894,-0.086517927912548,Iris-setosa
-2.7520417993185,-0.36176217158582,0.010513414905298,Iris-setosa
-2.8242619852172,-0.30322814967532,0.056741042530363,Iris-setosa
-2.8156102296441,0.19763517006939,-0.011904234355703,Iris-setosa
-2.7743655206966,0.19718747231654,0.09332640674045,Iris-setosa
-2.6099619384797,-0.41742822460222,0.075097161961113,Iris-setosa
-2.8327066913832,-0.77904391907595,-0.31374345030328,Iris-setosa
-2.7866149932241,-1.0570847565801,-0.29974425888041,Iris-setosa
-2.85470147704,0.11163332667358,0.16495589196191,Iris-setosa
-3.0355395685732,-0.048444071503842,0.060949056442594,Iris-setosa
-2.811878560114,-0.58808881813529,0.11312549130787,Iris-setosa
-2.85470147704,0.11163332667358,0.16495589196191,Iris-setosa
-3.1403527078464,0.51140096790422,-0.06669923391456,Iris-setosa
-2.7776343019297,-0.2244938349882,0.027496814663551,Iris-setosa
-2.9452633159549,-0.23697890130327,-0.14987786939152,Iris-setosa
-3.0184431068341,0.9282350176415,0.36278827239017,Iris-setosa
-3.1560049141826,0.37458032905945,-0.18891327476897,Iris-setosa
-2.6039996295865,-0.1868905159001,-0.23239546304904,Iris-setosa
-2.421337012223,-0.44499026071852,-0.242184210546,Iris-setosa
-2.8929237226061,0.252665027671,0.082289384208733,Iris-setosa
-2.7288924255354,-0.48825881516585,-0.20205187424312,Iris-setosa
-3.0091214135571,0.24674059222086,-0.08578664062893,Iris-setosa
-2.7342753998754,-0.56744082760582,-0.06757700528016,Iris-setosa
-2.8832730936078,-0.097101795902461,0.029600821619667,Iris-setosa
1.1964841537241,-0.78963732478063,0.47587599535058,Iris-versicolor
0.86958821397025,-0.38942198579714,0.13899022837796,Iris-versicolor
1.3646925023024,-0.62579656220341,0.48023292335847,Iris-versicolor
0.17160769902314,0.78297189411033,0.30221437690084,Iris-versicolor
1.0143575214889,-0.17476242777096,0.44242132355786,Iris-versicolor
0.59954584007529,0.35258575020736,0.15932348011341,Iris-versicolor
1.0221443562123,-0.36240186206468,0.021133115531439,Iris-versicolor
-0.69817888145674,1.0381161022887,-0.00063434509109761,Iris-versicolor
0.97253347798825,-0.32567042628026,0.5102084385089,Iris-versicolor
-0.0062905469983083,0.71284820139047,-0.13184921697161,Iris-versicolor
-0.47336328487124,1.2626519578267,0.31767614289094,Iris-versicolor
0.47800852420925,0.062059846388158,-0.0040520125187963,Iris-versicolor
0.2454020119202,0.48663263478901,0.71109527273672,Iris-versicolor
0.9191950112142,0.035315788063636,0.26208447061164,Iris-versicolor
-0.1621154704735,0.26414677035328,-0.079821696201983,Iris-versicolor
0.8639155723537,-0.54428184636819,0.35997397536452,Iris-versicolor
0.6178915740716,0.29826279044951,-0.091784696119232,Iris-versicolor
0.21948057358765,0.29217336953945,0.33219232206495,Iris-versicolor
0.8810120340928,0.43239724277715,0.66181319131209,Iris-versicolor
0.041911263287516,0.55377727866677,0.29401507862253,Iris-versicolor
1.0437588714418,0.0049564854822055,-0.16414546862431,Iris-versicolor
0.33298881785869,0.027772193947007,0.26142099877852,Iris-versicolor
1.211137486635,0.1978134573823,0.58213332190799,Iris-versicolor
0.85960456827041,0.090086445574337,0.40796200574813,Iris-versicolor
0.66555739922909,-0.21758328446544,0.37732301876458,Iris-versicolor
0.83832306974246,-0.40701350977057,0.37695737512277,Iris-versicolor
1.2409976439047,-0.36840371522875,0.64693622852363,Iris-versicolor
1.4531442290906,-0.39615424900699,0.38320158054062,Iris-versicolor
0.75939210035718,0.09124104117095,0.14581680698377,Iris-versicolor
-0.28638966342446,0.37018392106578,0.25989936501037,Iris-versicolor
-0.063727528390532,0.68116931775251,0.29611908557865,Iris-versicolor
-0.17748209051331,0.66447318928478,0.32362495013115,Iris-versicolor
0.12680454156595,0.28606043642737,0.21766302175138,Iris-versicolor
1.2890303141503,0.29413929604284,0.31492194729636,Iris-versicolor
0.55105436251287,0.43597882479998,-0.18003193745713,Iris-versicolor
0.7539698575725,-0.24399072498512,-0.20210355250689,Iris-versicolor
1.1377627126101,-0.5078331228767,0.36222689641629,Iris-versicolor
0.7591417015253,0.27161294675597,0.71472091346099,Iris-versicolor
0.23028987169242,0.2451179384903,-0.066531752618497,Iris-versicolor
0.15595549268689,0.64615125526557,0.18000033604643,Iris-versicolor
0.43460627273004,0.61042629493487,0.22079614418243,Iris-versicolor
0.83132261897926,-0.042970828870628,0.1860980573823,Iris-versicolor
0.21467693380089,0.36434705336164,0.29364943498072,Iris-versicolor
-0.65693417250924,1.0376684045358,0.10459629600506,Iris-versicolor
0.33381447026362,0.46022519426933,0.13166870146525,Iris-versicolor
0.31004649348264,0.17931638787111,0.034856518207236,Iris-versicolor
0.35158086970673,0.25454653824933,0.053578281279795,Iris-versicolor
0.59872018767036,-0.079867250114967,0.28907577742668,Iris-versicolor
-0.84559836721061,0.80918068693601,-0.06051755994146,Iris-versicolor
0.27936068380804,0.31308056015983,0.09980590890486,Iris-versicolor
2.7236527842847,0.035827190034325,-0.64660322852268,Iris-virginica
1.6808501344595,0.66077352910282,-0.38018220039559,Iris-virginica
2.7996005587333,-0.34696161043566,0.044368434726968,Iris-virginica
2.1988141292982,0.22222446098544,-0.16499591653991,Iris-virginica
2.5527509080463,0.063130026059714,-0.27763793944351,Iris-virginica
3.5270176110978,-0.62211761372867,0.36914228768668,Iris-virginica
0.84804060826873,1.3444188755417,-0.65958658766527,Iris-virginica
3.0933242105595,-0.39722162818374,0.38039603976456,Iris-virginica
2.5238855432218,0.24018626499779,0.28568543344898,Iris-virginica
3.0809882158614,-0.77924962529806,-0.4179323109816,Iris-virginica
1.9093581321304,-0.1564643572799,-0.4192372152036,Iris-virginica
2.0414543472694,0.26737802107517,-0.085681690777611,Iris-virginica
2.379159585128,-0.17989274895748,-0.14751999848843,Iris-virginica
1.6167457190056,0.86339571856678,-0.35935643036691,Iris-virginica
1.8415653965712,0.62646236445964,-0.65321550759601,Iris-virginica
2.1371569236526,-0.047394252213381,-0.5607578223322,Iris-virginica
2.177778948622,0.006221809700706,-0.15273508843135,Iris-virginica
3.6115819536549,-1.2215620578152,-0.1030961196145,Iris-virginica
3.899296042862,-0.37406579876705,0.61756165376157,Iris-virginica
1.5719384805682,0.82795347052901,0.16826177969477,Iris-virginica
2.6244351088166,-0.35217914804203,-0.2806221477789,Iris-virginica
1.479802514655,0.71714647996298,-0.60168050511961,Iris-virginica
3.6224264392243,-0.5510985255031,0.59274459936682,Iris-virginica
1.6541423121668,0.28991101724704,-0.14693762530047,Iris-virginica
2.4823552479778,-0.29651309502563,-0.34520589483472,Iris-virginica
2.7962884280753,-0.5632234618113,0.10831317940758,Iris-virginica
1.5328513141525,0.28048241748801,-0.26704765919876,Iris-virginica
1.5638267911037,0.22239609333036,-0.41850592791998,Iris-virginica
2.3411836574136,0.24223625610011,-0.18692104750769,Iris-virginica
2.584431510166,-0.45979507990198,0.285538949367,Iris-virginica
3.0081846144294,-0.41060209000452,0.41348263790179,Iris-virginica
3.3708637519013,-1.402546646613,0.025283458026275,Iris-virginica
2.3748919304695,0.24905608705595,-0.22930630486233,Iris-virginica
1.7052839679644,0.22079379998089,-0.051130088059465,Iris-virginica
2.02062213502,0.5378921297797,0.099618932822376,Iris-virginica
3.227621317655,-0.72671745655163,0.25409842963566,Iris-virginica
2.3619332517933,-0.078908150391424,-0.72484256280379,Iris-virginica
2.1365342396745,0.006669507453559,-0.2579657295275,Iris-virginica
1.4503618962575,0.28137781299371,-0.47750894139107,Iris-virginica
2.3247057986724,-0.32703738306698,-0.17938279104883,Iris-virginica
2.5190859844152,-0.14910926082522,-0.36502701884638,Iris-virginica
2.1519834775839,-0.34302661369094,-0.30879148416453,Iris-virginica
1.6808501344595,0.66077352910282,-0.38018220039559,Iris-virginica
2.7511090811709,-0.26356853584303,-0.29498698284358,Iris-virginica
2.6171883402017,-0.26923377120226,-0.51474692425329,Iris-virginica
2.1730186582601,-0.1270239624062,-0.32105231227309,Iris-virginica
1.7835490806258,0.44342778455952,-0.052229448998568,Iris-virginica
2.0050566275335,-0.0097674209232564,-0.28214378154705,Iris-virginica
2.1347137948244,-0.036622559195793,-0.75633971172237,Iris-virginica
1.6570821576786,0.37986472270459,-0.4769943836536,Iris-virginica
